731
732
738
739
740
741
742
743
744
745
746
747
748
749
750
751
752
753
755
756
757
759
760
761
762
764
765
766
768
769
770
771
772
773
774
777
778
779
780
782
784
786
787
789
793
794
797
799
801
802
803
805
806
808
809
810
811
815
816
819
820
821
822
824
825
827
831
834
835
839
840
844
849
850
851
853
854
856
857
861
863
864
865
867
868
870
873
874
876
877
878
882
883
884
886
887
889
891
893
894
895
896
897
898
900
902
903
904
905
906
910
911
912
914
916
917
923
924
925
926
927
929
931
933
934
936
938
941
944
945
946
948
952
954
955
956
957
958
959
961
962
964
968
